-0.37	0.05
-0.33	-0.95
-0.74	0.93
-0.01	-0.12
-0.04	-0.25
-0.88	-0.25
-0.03	-0.92
-0.65	0.98
-0.62	0.94
-0.86	-0.92
-0.95	0.00
-0.23	0.00
-0.04	-0.11
-0.66	-0.94
-0.32	-0.05
-0.02	0.21
-0.94	0.82
-0.94	-0.28
-0.87	0.24
-0.54	-0.04
-0.02	0.84
-0.05	-0.29
-0.01	0.40
-0.33	-0.07
-0.23	-0.15
-0.81	-0.91
-0.94	-0.78
-0.87	-0.01
-0.11	-0.95
-0.17	0.12
-0.95	0.54
-0.30	0.09
-0.91	0.07
-0.99	-0.83
-0.94	-0.12
-0.90	-0.16
-0.59	-0.02
-0.99	0.22
-0.95	0.71
-0.96	0.81
-0.92	0.72
-0.45	1.00
-0.25	0.05
-0.90	-0.02
-0.06	-0.98
-0.26	-0.97
-0.46	0.99
-0.89	-0.76
-0.09	0.29
-0.32	0.04
-0.89	-0.18
-0.99	0.98
-0.99	0.18
-0.99	-0.91
-0.42	-0.99
-0.49	-0.99
-0.33	-0.93
-0.92	0.66
-0.94	-0.40
-0.01	-0.01
-0.01	-0.31
-0.16	-0.81
-0.08	0.78
-0.98	-0.75
-0.65	-0.93
-0.02	0.50
-0.55	-0.01
-0.01	-0.79
-0.12	-0.88
-0.76	0.93
-0.80	-0.84
-0.83	-0.93
-0.81	-0.16
-0.55	-0.04
-0.95	0.45
-0.67	-0.99
-0.36	0.05
-0.97	-0.81
-0.66	-0.92
-0.15	-0.83
-0.43	0.98
-0.45	0.01
-0.94	-0.36
-0.03	0.86
-0.94	-0.76
-0.60	-0.05
-0.15	0.03
-0.65	-0.98
-0.93	0.05
-0.98	-0.48
-0.94	-0.37
-0.14	0.07
-0.57	-0.99
-0.02	0.87
-0.30	0.01
-0.12	-0.84
-0.09	0.83
-0.02	0.88
-0.26	0.91
-0.64	0.01
-0.84	0.95
-0.92	-0.30
-0.94	0.79
-0.44	-0.01
-0.03	-0.53
-0.89	-0.95
-0.99	0.06
-0.77	-0.12
-0.69	0.91
-0.90	0.26
-0.36	0.06
-0.96	0.23
-0.36	0.96
-0.12	-1.00
-0.03	0.42
-0.29	-0.90
-0.07	0.27
-0.66	-0.02
-0.75	0.08
-0.41	-0.99
-0.39	0.97
-0.07	-0.91
-0.43	-0.95
-0.06	0.65
-0.97	-0.52
-0.98	0.38
-0.99	0.28
-0.98	-0.16
-0.97	-0.55
-0.98	-0.72
-0.93	0.79
-0.70	0.06
-0.21	-0.89
-0.98	0.75
-0.57	-0.05
-0.35	0.97
-0.44	-0.96
-0.90	-0.73
-0.88	0.26
-0.59	0.05
0.00	-0.02
-0.95	-0.46
-0.80	-0.17
-0.15	-0.95
-0.94	-0.36
-0.98	0.24
-0.96	0.49
-0.19	0.88
-0.19	-0.94
-0.94	-0.70
-0.98	0.34
-0.94	-0.83
-0.28	0.04
-0.31	0.95
-0.03	-0.80
-1.00	1.00
-0.76	-0.91
-0.74	-0.05
-0.27	0.92
-0.11	-0.16
-0.05	0.73
0.00	-0.87
-0.06	0.92
-0.88	-0.03
-0.90	-0.70
-0.80	-0.91
-0.01	-0.69
-0.15	-1.00
-0.60	-0.99
-0.06	-0.15
-0.07	-0.13
-0.05	-0.26
-0.16	-0.03
-1.00	-0.97
-0.90	0.00
-0.06	0.72
-0.92	-0.71
-0.54	-0.98
-0.95	-0.43
-0.02	0.03
-0.89	-0.16
-0.23	-0.01
-1.00	0.86
-0.13	0.83
-0.04	-0.30
-0.16	0.17
-0.76	0.89
-0.05	-0.40
-0.02	0.37
-0.87	0.83
-0.89	0.04
-0.02	0.63
-0.98	-0.56
-0.99	0.24
-0.05	-0.64
-0.94	-0.15
-1.00	0.60
-0.06	0.12
-0.99	-0.58
-0.07	0.03
-0.39	0.06
-0.66	-0.07
-0.69	-0.95
-0.03	0.69
-0.99	-0.25
-0.96	-0.22
-0.89	0.85
-0.98	0.96
-0.71	0.07
-0.81	-0.04
-0.88	-0.75
-0.10	0.28
-0.03	-0.19
-0.33	0.02
-0.03	-0.57
-0.95	-0.25
-0.10	-0.71
-0.91	-0.70
-0.01	0.36
-0.91	-0.07
-0.96	0.08
-0.50	0.99
-0.05	-0.10
-0.06	0.85
-0.87	0.77
-0.03	0.11
-0.99	-0.40
-0.98	0.30
0.00	0.29
-0.83	0.97
-0.48	0.97
-0.18	0.13
-0.96	-0.56
-0.06	0.65
-0.92	-0.05
-0.91	0.77
-0.15	0.99
-0.95	0.68
-0.27	-0.90
-0.75	-0.02
-0.78	0.12
-0.15	0.19
-0.81	-0.10
-0.97	-0.56
-0.21	-0.09
-0.04	-0.81
-0.10	0.13
-0.04	-0.94
-0.12	-0.14
-0.94	-0.70
-0.91	0.99
-0.01	-0.12
-0.88	0.85
-0.22	-0.96
-0.27	-0.02
-0.76	-0.89
-0.05	0.36
-0.21	0.14
-0.02	0.94
-0.90	-0.26
-0.84	-0.99
-0.23	0.07
-0.19	-0.03
-0.96	0.31
-0.18	0.84
-0.14	0.19
-0.08	0.06
-0.82	-0.89
-0.02	0.72
-0.98	-0.10
-0.72	-0.09
-0.96	-0.32
-0.81	0.97
-0.74	0.07
-0.19	-0.88
-0.02	0.88
-0.27	0.09
-0.99	-0.42
-0.07	0.34
-0.88	0.03
-0.02	0.40
-0.61	1.00
-0.03	0.34
-0.01	0.61
-0.24	-0.06
-0.11	-0.76
-0.93	-0.95
-0.81	-0.17
-0.06	-0.76
-0.52	0.99
-0.77	0.89
-0.17	0.90
-0.17	0.15
-0.81	0.83
-0.18	-0.05
-0.97	-0.48
-0.26	0.02
-0.09	-0.98
-0.14	0.90
-0.23	-0.87
-0.75	0.94
-0.73	0.91
-0.53	0.01
-0.99	-0.68
-0.39	-0.05
-0.70	0.95
-0.51	-0.99
-0.12	0.92
-0.04	-0.97
-0.04	0.62
-0.99	0.22
-0.16	-0.11
-0.09	-0.11
-0.97	-0.25
-0.21	-0.03
-0.03	-0.33
-0.90	0.27
-0.02	0.22
-0.80	1.00
-0.23	-0.06
-0.05	-0.15
-0.25	0.03
-0.81	0.87
-0.29	-0.06
-0.98	0.70
-0.48	0.98
-0.98	0.20
-0.05	-0.33
-0.04	-0.85
-0.87	-0.24
-0.88	-0.93
-0.08	-0.04
-0.81	0.05
-0.97	0.85
-0.87	0.19
-0.10	0.03
-0.90	-0.01
-0.77	-0.98
-0.84	0.79
-0.03	-0.22
-0.16	-0.94
-0.87	-0.23
-0.08	0.23
-0.59	-0.98
-0.45	-0.02
-0.65	0.99
-0.92	-0.12
-0.98	0.84
-0.81	0.13
-0.83	0.09
-0.11	0.94
-0.89	0.79
-0.04	0.80
-0.25	-0.08
-0.95	0.44
0.00	-0.83
-0.21	0.06
-0.91	0.12
-0.77	0.03
-0.07	-0.74
-0.86	-0.78
-0.94	-0.65
-0.11	-0.76
-0.82	0.04
-0.98	0.86
-0.82	0.86
-0.18	-0.93
-0.69	-0.96
-0.13	-0.06
-0.06	0.62
-0.83	0.05
-0.12	-0.03
-0.74	0.12
-0.92	0.74
-0.07	0.71
-0.96	-0.37
-0.95	-0.40
-0.80	0.13
-0.99	1.00
-0.98	-0.02
0.00	0.20
-0.04	0.84
-0.74	-0.08
-0.93	0.86
-0.17	0.94
-0.03	0.69
-0.01	-0.44
-0.87	-0.75
-0.06	0.30
-0.90	0.79
-0.92	-0.99
-0.23	-0.09
-0.90	0.84
-0.28	-0.97
-0.89	0.80
-0.63	0.93
-0.09	0.92
-0.25	-0.98
-0.93	0.87
-0.20	-0.04
-0.89	-0.26
-0.95	-0.71
-0.81	-0.84
-0.85	-0.12
-1.00	0.68
-0.89	-0.75
-0.11	0.81
-0.02	-0.68
-0.54	-1.00
-0.81	0.94
-0.13	-0.24
-0.11	0.05
-0.97	-0.92
-0.74	0.08
-0.99	-0.54
-0.07	-0.03
-0.20	0.99
-0.37	0.95
-0.86	0.12
-0.85	0.92
-0.15	0.17
-0.94	0.14
-0.07	-0.66
-0.28	-0.08
-0.77	-0.03
-0.19	-0.14
-0.95	-0.74
-0.07	-0.90
-0.07	0.98
-0.81	-0.89
-0.98	-0.73
-0.65	-0.03
-0.58	0.95
-0.94	-0.99
-0.48	-0.03
-0.35	0.96
-0.41	0.00
-0.94	0.25
-0.04	0.00
-0.11	-0.24
-0.92	0.01
-0.44	0.97
-1.00	-0.21
-0.17	0.97
-0.26	0.91
-0.91	-0.08
-0.11	0.12
-0.01	-0.55
-1.00	0.28
-0.01	-0.73
-0.96	-0.45
-0.74	0.95
-0.85	-0.83
-0.19	0.87
-0.20	-0.04
-0.94	-0.92
-0.96	-0.42
-0.35	-0.97
-0.24	-0.93
-0.01	-0.78
-0.33	-0.93
-0.01	-0.08
-0.89	-0.82
-0.98	-0.33
-0.38	0.06
-0.24	1.00
-0.43	0.99
-0.75	0.91
-0.95	0.63
-0.12	0.15
-0.07	0.10
-0.10	0.72
-0.97	0.48
-0.05	-0.30
-0.94	-0.41
-0.09	-0.09
-0.10	-0.28
-0.03	0.76
-0.99	0.49
-0.05	-0.82
-0.07	0.13
-0.30	-0.99
-0.87	-0.97
-0.12	0.94
-0.99	-0.12
-0.06	-0.16
-0.92	-0.87
-0.02	-0.88
-0.78	0.14
-0.25	0.96
-0.87	0.10
-0.72	0.94
-0.10	0.96
-0.92	-0.80
-0.99	-0.08
-0.16	0.91
-0.04	-0.75
-0.19	-0.12
-0.03	-0.72
-0.69	0.99
-0.19	0.12
-1.00	-0.71
-0.96	-0.57
-0.09	0.08
-0.11	-0.99
-0.85	-0.19
-0.08	0.92
-0.95	-0.10
-1.00	0.14
-0.80	-0.12
-0.40	-0.06
-0.08	0.76
-0.36	-0.97
-0.94	0.63
-0.26	-0.99
-0.08	0.77
-0.09	0.24
-0.78	0.12
-0.77	-0.12
-0.89	-0.77
-0.77	-0.13
-0.73	-0.97
-0.54	0.99
-0.95	0.53
-1.00	0.09
-0.04	-0.16
-0.96	0.49
-0.47	-0.96
-0.02	-0.19
-0.95	0.17
-0.14	0.79
-0.90	-0.75
-0.95	-0.46
-0.15	-0.88
-0.90	-0.09
-0.84	0.88
-0.01	0.12
-0.04	-0.14
-0.84	0.99
-0.71	-0.10
-0.17	0.99
-0.75	0.10
-0.04	-0.86
-0.94	-0.24
-0.54	-0.96
-0.92	0.89
-0.08	0.81
-0.94	-0.80
-0.59	-0.05
-0.53	-0.97
-0.67	0.04
-0.97	0.64
-0.79	-1.00
-0.87	-0.23
-0.93	-0.95
-0.94	0.21
-0.94	0.26
-0.43	-0.01
-0.05	-0.80
-0.64	-0.04
-0.81	0.00
-0.77	0.04
-0.18	1.00
-0.54	0.02
-0.82	-0.88
-0.03	0.68
-0.94	-0.80
-0.96	-0.14
-0.77	-0.11
-0.26	-0.93
-0.04	0.72
-0.04	-0.56
-0.22	0.00
-0.13	-0.20
-0.88	-0.12
-0.09	0.22
-0.91	0.02
-0.88	-0.87
-0.62	-0.02
-0.31	-0.95
-0.53	0.01
-0.09	0.25
-0.17	0.83
-0.79	0.97
-0.89	-0.10
-0.04	-0.14
-0.92	0.95
-0.39	0.06
-0.38	-0.03
-0.03	-0.51
-0.93	-0.34
-0.25	-0.97
-0.84	-0.08
-0.01	-0.67
-0.20	-0.86
-0.95	-0.19
-0.98	0.17
-0.86	-0.89
-0.74	-0.98
-0.26	-0.97
-0.07	-0.67
-0.90	-0.03
-0.83	0.00
-0.97	0.83
-0.22	-0.03
-0.46	-0.02
-0.77	0.91
-0.07	0.71
-0.29	-0.09
-0.03	0.44
-0.73	-0.97
-0.04	-0.59
-0.92	0.29
-1.00	-0.21
-0.09	-0.88
-0.02	0.73
-0.95	-0.21
-0.31	-0.06
-0.91	0.75
-0.80	0.07
-0.02	0.58
-0.01	0.07
-0.87	0.85
-0.42	-0.01
-0.12	-0.08
-0.98	0.78
-0.87	0.12
-0.94	0.57
-0.97	0.69
-0.89	0.25
-0.99	-0.35
-0.01	1.00
-0.64	0.00
-0.92	0.75
-0.94	-0.65
-0.12	0.24
-0.30	0.05
-0.17	-0.96
-0.83	-0.92
-0.24	-0.92
-0.92	0.03
-0.05	0.94
-0.82	0.08
-0.87	0.20
-0.94	0.90
-0.98	-0.28
-0.01	0.93
-0.24	-0.92
-0.93	-0.27
-0.99	0.47
-0.87	0.85
-0.08	0.73
-0.18	-0.90
-0.95	0.96
-0.35	0.92
-0.53	-0.97
-0.78	-0.90
-0.11	-0.06
-0.05	-0.52
-0.32	0.05
-0.91	0.83
-1.00	0.82
-0.08	0.92
-0.97	0.13
-0.96	0.36
-0.03	0.45
-0.23	-0.99
-0.71	-0.92
-0.92	-0.65
-0.63	-0.96
-0.96	0.99
-0.04	0.99
-0.98	0.71
-0.17	0.97
-0.22	1.00
-0.18	-0.13
-0.93	-0.02
-0.07	-0.19
-0.94	0.61
-0.82	-0.83
-0.75	0.91
-0.14	-0.08
-0.85	0.97
-0.95	0.68
-0.84	-0.07
-0.05	-0.69
-0.80	-0.91
-0.75	0.88
-0.48	-1.00
-0.06	0.22
-0.04	-0.84
-0.42	-0.03
-0.91	-0.20
-0.05	0.61
-0.35	0.94
-0.21	-0.02
-0.92	0.00
-0.22	0.07
-0.97	-0.49
-0.06	0.32
-0.04	0.63
-0.84	-0.85
-0.98	0.33
